0 6 11 26 89 100 192 193
1 0
2 0
3 0
4 0
5 0
6 0
7 0
8 0
9 0
10 0
11 2 0 12
12 2 11 13
13 2 14 12
14 2 13 15
15 2 14 16
16 2 15 17
17 2 16 18
18 2 17 19
19 2 18 20
20 2 19 21
21 2 20 22
22 2 21 23
23 2 22 24
24 2 23 27
25 0
26 2 28 0
27 2 24 33
28 2 26 29
29 2 28 30
30 2 29 31
31 2 30 32
32 1 31
33 3 27 38 55
34 0
35 0
36 0
37 0
38 2 39 33
39 2 38 40
40 4 46 39 48 49
41 0
42 0
43 0
44 0
45 0
46 1 40
47 1 48
48 3 47 40 49
49 4 48 40 50 51
50 2 51 49
51 3 50 49 52
52 2 51 53
53 2 52 54
54 1 53
55 2 33 56
56 2 55 57
57 3 56 58 61
58 2 57 59
59 2 58 60
60 2 59 61
61 4 62 68 57 60
62 2 61 63
63 1 62
64 0
65 0
66 0
67 0
68 2 69 61
69 1 68
70 0
71 0
72 0
73 0
74 0
75 0
76 0
77 0
78 0
79 0
80 0
81 0
82 0
83 0
84 0
85 0
86 0
87 0
88 0
89 2 90 0
90 1 89
91 0
92 0
93 0
94 0
95 0
96 0
97 0
98 0
99 0
100 2 101 0
101 2 100 102
102 3 101 128 107
103 0
104 0
105 0
106 0
107 3 102 128 108
108 2 107 109
109 2 108 110
110 3 109 111 241
111 2 110 112
112 2 111 113
113 2 112 114
114 3 113 116 115
115 3 114 116 117
116 3 115 114 117
117 3 115 116 121
118 0
119 0
120 0
121 2 117 127
122 0
123 0
124 0
125 0
126 0
127 2 129 121
128 3 107 102 129
129 3 128 127 130
130 3 129 131 206
131 1 130
132 0
133 0
134 0
135 0
136 0
137 0
138 0
139 0
140 0
141 0
142 0
143 2 202 144
144 2 143 145
145 2 144 146
146 3 145 147 200
147 2 146 148
148 2 147 149
149 2 148 150
150 2 149 200
151 5 152 153 191 192 193
152 2 151 153
153 5 152 151 156 190 191
154 0
155 2 188 189
156 4 303 157 398 153
157 2 156 158
158 2 157 159
159 2 158 160
160 2 159 161
161 2 160 162
162 2 161 163
163 2 162 164
164 2 163 165
165 2 164 166
166 2 165 167
167 4 168 166 300 302
168 3 167 307 169
169 2 168 170
170 2 169 171
171 2 170 172
172 2 171 173
173 2 172 174
174 2 303 173
175 3 303 176 177
176 2 175 177
177 3 176 175 178
178 2 177 179
179 2 178 180
180 2 179 181
181 2 180 182
182 2 181 183
183 2 182 184
184 2 183 185
185 2 184 186
186 2 185 187
187 2 186 189
188 2 155 189
189 4 188 187 155 190
190 3 189 191 153
191 4 190 153 151 192
192 4 191 151 193 0
193 5 192 194 200 151 0
194 2 193 195
195 3 194 196 197
196 3 282 270 195
197 3 195 270 198
198 2 197 260
199 0
200 4 193 202 146 150
201 0
202 4 200 203 204 143
203 3 202 204 259
204 4 202 203 206 255
205 0
206 4 204 207 254 130
207 3 206 208 217
208 3 207 217 209
209 2 208 210
210 2 209 211
211 2 210 212
212 2 211 213
213 2 212 214
214 2 213 215
215 2 214 216
216 2 215 224
217 3 207 208 218
218 2 217 219
219 2 218 220
220 2 219 221
221 2 220 222
222 2 221 223
223 2 222 224
224 4 223 216 229 227
225 0
226 0
227 4 224 229 228 237
228 1 227
229 4 227 224 230 237
230 2 229 231
231 2 230 232
232 2 231 233
233 2 232 234
234 2 233 235
235 2 234 236
236 2 235 240
237 4 229 243 238 227
238 3 237 239 241
239 3 238 241 240
240 3 252 236 239
241 3 239 238 110
242 0
243 1 237
244 1 245
245 2 244 246
246 2 245 247
247 2 246 248
248 3 247 249 258
249 2 250 248
250 2 251 249
251 2 252 250
252 3 251 254 240
253 1 254
254 3 252 253 206
255 2 204 256
256 2 255 257
257 2 256 258
258 3 248 257 262
259 2 261 203
260 2 261 198
261 3 260 259 262
262 2 261 258
263 0
264 0
265 0
266 0
267 0
268 0
269 2 270 314
270 4 196 197 269 271
271 1 270
272 1 273
273 2 274 272
274 2 275 273
275 2 274 276
276 2 275 277
277 2 276 278
278 2 277 279
279 2 278 280
280 2 279 281
281 1 280
282 2 196 283
283 2 282 284
284 2 283 285
285 3 284 286 294
286 2 285 287
287 2 286 288
288 3 287 289 298
289 2 288 304
290 1 291
291 2 292 290
292 2 293 291
293 2 292 294
294 3 293 295 285
295 2 294 296
296 2 295 297
297 2 296 298
298 3 297 299 288
299 2 298 300
300 2 299 167
301 0
302 6 167 333 350 358 307 308
303 3 175 174 156
304 3 305 289 308
305 2 306 304
306 2 305 307
307 4 168 306 308 302
308 3 304 307 302
309 0
310 0
311 0
312 0
313 0
314 5 315 318 332 269 280
315 2 314 316
316 2 317 315
317 2 316 318
318 3 314 317 319
319 2 318 320
320 2 319 321
321 2 320 322
322 2 321 323
323 2 324 330
324 2 323 325
325 2 324 326
326 1 325
327 0
328 1 330
329 0
330 3 323 328 331
331 2 330 332
332 2 314 331
333 6 334 350 302 307 308 358
334 2 333 335
335 2 334 336
336 2 335 337
337 2 336 338
338 2 337 339
339 2 338 340
340 2 339 341
341 2 340 342
342 1 341
343 1 344
344 2 343 345
345 2 344 346
346 0
347 2 345 348
348 2 347 349
349 2 348 350
350 5 333 302 307 308 358
351 8 251 303 174 175 352 359 367 381
352 2 351 353
353 2 352 354
354 2 353 355
355 2 354 356
356 2 355 357
357 3 358 359 360
358 7 357 375 333 350 302 307 308
359 3 351 357 360
360 3 357 361 368
361 2 360 362
362 2 361 363
363 2 362 364
364 2 363 365
365 2 364 366
366 2 365 367
367 7 366 351 381 251 303 174 175
368 2 360 369
369 2 368 370
370 1 369
371 0
372 0
373 0
374 0
375 2 376 358
376 1 375
377 0
378 0
379 0
380 0
381 7 351 367 382 251 303 174 175
382 2 381 383
383 2 382 384
384 3 383 387 397
385 0
386 0
387 2 384 388
388 2 387 389
389 2 388 390
390 2 389 391
391 2 390 392
392 2 391 396
393 0
394 0
395 0
396 2 392 397
397 5 384 396 398 153 156
398 5 397 399 400 153 156
399 2 398 400
400 2 398 399